* n = 1:
  0
	=> 0
* n = 2:
  1
	=> 1
* n = 3:
  1 1
	2
	=> 2
* n = 4:
  1 1 1
	1 2
	2 1
	=> 3
* n = 5:
  1 1 1 1
	1 1 2
	1 2 1
	2 1 1
	2 2
	=> 5
* n = 6:
  1 1 1 1 1 //
	1 1 1 2 
	1 1 2 1
	1 2 1 1
	1 2 2
	2 1 1 1
	2 1 2
	2 2 1
	=> 8
* n = 7:
  1 1 1 1 1 1 //
	1 1 1 1 2
	1 1 1 2 1
	1 1 2 1 1
	1 1 2 2     // cnt 5
	1 2 1 1 1  //
	1 2 1 2
	1 2 2 1   // cnt 4
	2 1 1 1 1 //
	2 1 1 2
	2 1 2 1  // cnt 4
	2 2 1 1 
	2 2 2 // cnt 3
	=> 13
* n = 8:
  1 1 1 1 1 1 1
	1 1 1 1 1 2
	1 1 1 1 2 1
	1 1 1 2 1 1
	1 1 1 2 2
	1 1 2 1 1 1
	1 1 2 1 2
	1 1 2 2 1
	1 2 1 1 1 1
	1 2 1 1 2
	1 2 1 2 1
	1 2 2 1 1
	1 2 2 2
	2 1 1 1 1 1
	2 1 1 1 2
	2 1 1 2 1
	2 1 2 1 1
	2 1 2 2
	2 2 1 1 1
	2 2 1 2
	2 2 2 1	
